   1.00217676849504        1.002212
   1.01794609801454        1.020379
   1.02705660820319        1.032607
   1.04539674026051        1.061141
   1.06198314329501        1.091537
   1.07564747010712        1.119921
   1.08797941056541        1.148177
   1.10489512599566        1.191085
   1.12131258601524        1.237409
   1.13355181607307        1.275002
   1.15228391633707        1.337704
   1.16267960877550        1.375246
   1.18107663253713        1.446584
   1.19384185761118        1.499832
   1.20897171211956        1.567001
   1.22242629798429        1.630497
   1.23764232855104        1.706660
   1.25345784842526        1.790815
   1.27088960850438        1.889592
   1.28446900788237        1.971004
   1.29742564102652        2.052397
   1.31355075410824        2.158857
   1.33231526839220        2.290097
   1.34749336483797        2.402168
   1.36175014828336        2.512352
   1.37750018033332        2.639721
   1.39227813800451        2.764719
   1.40740290451019        2.898263
   1.41934343356327        3.007771
   1.43380802102105        3.145334
   1.45011989846695        3.307030
   1.46383290970274        3.448446
   1.47840391433431        3.604300
   1.49526913407298        3.792016
   1.50900555183055        3.950822
   1.52696994663687        4.166676
   1.54054071702388        4.335989
   1.55246990669128        4.489343
   1.56835344939314        4.700205
   1.58304481101671        4.902141
