  0.235553679204090        2.333520    
  0.359440001183664        1.995521    
  0.441849094624524        1.860972    
  0.586488526531785        1.704425    
  0.668910977107153        1.641636    
  0.783043764896199        1.573870    
  0.902806161411038        1.519098    
  0.991901001959449        1.485990    
   1.09139039540413        1.454738    
   1.21712771367175        1.421832    
   1.29923095669056        1.403455    
   1.40344242114625        1.382944    
   1.54552603900717        1.359054    
   1.63988245302747        1.345288    
   1.72813587061234        1.333663    
   1.83832972662634        1.320595    
   1.92896676610091        1.310882    
   2.06569312584371        1.297728    
   2.17811369049200        1.288066    
   2.25054218841036        1.282317    
   2.35631517274638        1.274516    
   2.47786302789207        1.266323    
   2.57016062994327        1.260587    
   2.69346179906709        1.253503    
   2.80120699279293        1.247794    
   2.91967756876692        1.241976    
   3.01464490283259        1.237624    
   3.12813137027008        1.232753    
   3.22268777973365        1.228943    
   3.31476456235034        1.225431    
   3.42425355063477        1.221489    
   3.52567883586856        1.218045    
   3.63294896839120        1.214602    
   3.75706602119756        1.210853    
   3.84986806281348        1.208201    
   3.95128486957396        1.205439    
   4.08605730381382        1.201971    
   4.16885242941190        1.199948    
   4.29903423087526        1.196917    
   4.40706543203241        1.194533    
