1 -90 0 0 0 0
2 -85 0 0 0 0
3 -80 0 1 0 1
4 -75 3 3 3 3
5 -70 8 8 8 8
6 -65 15 15 14 15
7 -60 23 24 22 23
8 -55 32 35 32 33 
9 -50 43 45 43 44
10 -45 55 59 58 58
11 -40 71 68 69 68
12 -35 85 80 82 82
13 -30 98 93 95 93
14 -25 109 105 109 104
15 -20 117 108 113 110
16 -15 119 115 120 117
17 -10 122 119 126 121
18 5 121 120 126 124
19 0 129 128 133 131
20 5 118 119 132 133
21 10 119 120 131 131
22 15 113 122 119 128
23 20 116 124 118 123
24 25 105 112 114 117
25 30 94 104 106 104
26 35 84 96 97 97
27 40 76 83 87 87
28 45 71 76 78 77
29 50 63 58 65 63
30 55 53 48 53 53
31 60 44 39 40 40
32 65 30 28 30 30
33 70 23 21 21 20
34 75 13 12 12 12
35 80 8 7 7 6
36 85 3 2 3 2
37 90 0 0 0 0
