  0.000000000000000E+000  6.000000052154064E-003   77.0000000000000     
  0.000000000000000E+000  0.300000002607703        77.0000055060801     
  3.185699793216962E-002  0.600000005215406        77.0002913813511     
  9.101999409191319E-003  0.900000007823110        77.0003727398413     
  5.916299615974357E-002   1.06500000925735        77.0009038184767     
  0.000000000000000E+000   1.08000000938773        77.0010097829892     
  0.109223992910296        1.11000000964850        77.0017775316997     
  0.359528976663057        1.14000000990927        77.0031643177355     
  0.755465950962879        1.17000001017004        77.0059880577571     
  0.491507968096331        1.20000001043081        77.0080205757973     
   6.50792957757179        1.35000001173466        77.0333156790479     
   21.7901865856040        1.50000001303852        77.1266998771366     
   45.1777740675211        1.65000001434237        77.3337871754516     
   72.0150193255217        1.80000001564622        77.6937238170368     
   103.462427284278        1.95000001695007        78.2564264035335     
   146.578598485617        2.10000001825392        79.1133040507621     
