  0.000000000000000E+000  6.000000052154064E-003   77.0000010641025     
  0.000000000000000E+000  0.300000002607703        77.0000245377186     
  4.095899734136094E-002  0.600000005215406        77.0002352425980     
  0.113774992614891       0.900000007823110        77.0008633395657     
  0.350426977253866        1.06500000925735        77.0034885638338     
  0.100121993501105        1.08000000938773        77.0045015223016     
  0.186590987888422        1.11000000964850        77.0059576448557     
  0.427793972231992        1.14000000990927        77.0091541040672     
  0.946607938555897        1.17000001017004        77.0158119819434     
   1.88866487740720        1.20000001043081        77.0301274680825     
   11.5913962476051        1.35000001173466        77.1197699088605     
   24.1885634299259        1.50000001303852        77.2907764545641     
   39.4662694382536        1.65000001434237        77.5457459057193     
   60.6011120663958        1.80000001564622        77.9182241244345     
   87.7296213054905        1.95000001695007        78.4465185405249     
