  0.000000000000000E+000  6.000000052154064E-003   77.0000031374477     
  0.000000000000000E+000  0.300000002607703        77.0000198316177     
  4.550999704595660E-003  0.600000005215406        77.0003295348744     
   1.11499492762594       0.900000007823110        77.0105330088235     
   6.42601158288907        1.06500000925735        77.0574363888407     
   6.94482554921298        1.08000000938773        77.1060241445102     
   6.54888857491315        1.11000000964850        77.1521464776085     
   9.09289740978213        1.14000000990927        77.2295641284100     
   13.6029381170364        1.17000001017004        77.3450954403013     
   18.2813658133608        1.20000001043081        77.4819239466092     
   31.8752019309880        1.35000001173466        77.6734994822906     
   47.5579469130246        1.50000001303852        77.9437161514717     
   63.8004648587265        1.65000001434237        78.3038391814798     
