  0.000000000000000E+000  6.000000052154064E-003   50.0000000000000     
  0.000000000000000E+000  0.300000002607703        50.0000000000000     
  0.000000000000000E+000  0.600000005215406        50.0000000000000     
  0.000000000000000E+000  0.900000007823110        50.0000000000000     
  2.730599822757396E-002   1.06500000925735        50.0007294564531     
  0.000000000000000E+000   1.08000000938773        50.0010861917919     
  0.000000000000000E+000   1.11000000964850        50.0014721353021     
  0.000000000000000E+000   1.14000000990927        50.0018432413793     
  0.000000000000000E+000   1.17000001017004        50.0022525797205     
  0.000000000000000E+000   1.20000001043081        50.0026332762136     
  0.000000000000000E+000   1.35000001173466        50.0031249461515     
  0.000000000000000E+000   1.50000001303852        50.0036431733965     
  4.550999704595660E-003   1.65000001434237        50.0043104782129     
  9.557099379650885E-002   1.80000001564622        50.0061179134536     
  0.814628947122623        1.95000001695007        50.0113292486955     
   1.76578788538312        2.10000001825392        50.0223774876810     
   3.44510677637891        2.25000001955777        50.0450781492675     
   8.15539147063542        2.40000002086163        50.1024580462105     
   16.6248019208879        2.55000002216548        50.2266891365454     
   27.5517522116221        2.70000002346933        50.4456337601981     
   43.3573741856829        2.85000002477318        50.8131965901536     
   59.5361781355204        3.00000002607703        51.3459948426534     
   68.9612985237380        3.15000002738088        51.9790393095691     
   78.8096618844830        3.30000002868474        52.7324769812732     
   88.3895162626569        3.45000002998859        53.6171392919902     
   97.4050466774609        3.60000003129244        54.6342629400792     
   106.384169094628        3.75000003259629        55.7954712574167     
   118.558093304422        3.90000003390014        57.1438695373017     
   134.254491285572        4.05000003520399        58.7335632788159     
