  0.000000000000000E+000  6.000000052154064E-003   50.0000000000000     
  0.000000000000000E+000  0.300000002607703        50.0000000000000     
  0.000000000000000E+000  0.600000005215406        50.0000000000000     
  0.000000000000000E+000  0.900000007823110        50.0000000000000     
  0.000000000000000E+000   1.06500000925735        50.0004569437837     
  0.000000000000000E+000   1.08000000938773        50.0007787334852     
  0.000000000000000E+000   1.11000000964850        50.0011821224189     
  0.000000000000000E+000   1.14000000990927        50.0016023956687     
  0.000000000000000E+000   1.17000001017004        50.0020092293547     
  0.000000000000000E+000   1.20000001043081        50.0023786480342     
  0.000000000000000E+000   1.35000001173466        50.0027924556360     
  0.000000000000000E+000   1.50000001303852        50.0032041277938     
  0.000000000000000E+000   1.65000001434237        50.0035198783888     
  0.000000000000000E+000   1.80000001564622        50.0037866937628     
  0.000000000000000E+000   1.95000001695007        50.0043717186376     
  9.101999409191319E-003   2.10000001825392        50.0055971036967     
  2.275499852297830E-002   2.25000001955777        50.0070060880903     
  2.730599822757396E-002   2.40000002086163        50.0084060848637     
  0.122876992024083        2.55000002216548        50.0108044118580     
  0.236651984638974        2.70000002346933        50.0142146343641     
  0.828281946236410        2.85000002477318        50.0218752077524     
   2.97635380680556        3.00000002607703        50.0480326694719     
   12.7610031716862        3.15000002738088        50.1673984584581     
   24.7847443912280        3.30000002868474        50.4101791592649     
   40.1580213933521        3.45000002998859        50.8239794598509     
   54.9442194335834        3.60000003129244        51.4079650654478     
   70.3766594318673        3.75000003259629        52.1737546268590     
   89.7366121752172        3.90000003390014        53.1909342780996     
   107.872345998031        4.05000003520399        54.4639073161637     
   124.838472896764        4.20000003650784        55.9916164315698     
