  0.000000000000000E+000  6.000000052154064E-003   77.0000000000000     
  0.000000000000000E+000  0.300000002607703        77.0000071686914     
  2.275499852297829E-002  0.600000005215406        77.0001798498456     
  9.101999409191319E-003  0.900000007823110        77.0003221526264     
  9.101999409191319E-003   1.06500000925735        77.0005441668578     
  0.000000000000000E+000   1.08000000938773        77.0006374330443     
  0.000000000000000E+000   1.11000000964850        77.0007039787218     
  4.550999704595660E-003   1.14000000990927        77.0008432911748     
  0.000000000000000E+000   1.17000001017004        77.0010487456547     
  0.000000000000000E+000   1.20000001043081        77.0013576488193     
  7.736699497812621E-002   1.35000001173466        77.0025146066821     
   1.98423587120371        1.50000001303852        77.0112344606988     
   17.5805118588530        1.65000001434237        77.0930421487859     
   41.3412813165470        1.80000001564622        77.2990415941743     
   66.0577607122060        1.95000001695007        77.6556103562986     
   98.4335726106995        2.10000001825392        78.2276577782947     
   143.374694693582        2.25000001955777        79.1200784715185     
