  0.000000000000000E+000  6.000000052154064E-003   50.0000000000000     
  0.000000000000000E+000  0.300000002607703        50.0000000000000     
  0.000000000000000E+000  0.600000005215406        50.0000000000000     
  0.000000000000000E+000  0.900000007823110        50.0000000000000     
  9.101999409191319E-003   1.06500000925735        50.0007393425131     
  0.000000000000000E+000   1.08000000938773        50.0011497556033     
  4.550999704595660E-003   1.11000000964850        50.0016092625751     
  0.000000000000000E+000   1.14000000990927        50.0021667722975     
  0.000000000000000E+000   1.17000001017004        50.0027515151857     
  0.000000000000000E+000   1.20000001043081        50.0033154445073     
  4.550999704595660E-003   1.35000001173466        50.0038560702358     
  0.000000000000000E+000   1.50000001303852        50.0042036426669     
  4.550999704595660E-003   1.65000001434237        50.0048274052431     
  4.550999704595660E-003   1.80000001564622        50.0057050506550     
  0.113774992614892        1.95000001695007        50.0074405560805     
  0.113774992614891        2.10000001825392        50.0091967006514     
  0.341324977844674        2.25000001955777        50.0129535954531     
   1.13774992614891        2.40000002086163        50.0214674376250     
   4.95148767860008        2.55000002216548        50.0585001347864     
   12.6608811781851        2.70000002346933        50.1591318542083     
   24.3023384225408        2.85000002477318        50.3631193075766     
   39.0293734666124        3.00000002607703        50.7111444011538     
   55.2400344143821        3.15000002738088        51.2304764454925     
   64.1918508333218        3.30000002868474        51.8479984117227     
   75.2462291157846        3.45000002998859        52.6014137706689     
   87.6795603087400        3.60000003129244        53.5163854042495     
   99.2482015578221        3.75000003259629        54.5981047165601     
   111.262840777955        3.90000003390014        55.8612277830941     
   126.135507812573        4.05000003520399        57.3519108008413     
